111111111111111111111111111111111111111111111111111111111111111111111111111111111111111111111111111111111111111111111111111111111111111111111111111111111111111111111111111111111111111111111111111111
111111111111111111111111111111111111111111111111111111111111111111111111111111111111111111111111111111111111111111111111111111111111111111111100000111000001110000011100000111000011111111111111111111
111111111111111111111111111111111111111111111111111111111111111111111111111111111111111111111111111111111111111111111111111111111111111111111100000111000001110000011100000111000011111111111111111111
111111111111111111111111111111111111111111111111111111111111111111111111111111111111111111111100000011111111111111111111110011111100111111111100000111000001110000011100000111000011111111111111111111
111111111111111111111111111111111111111111111111111111111111111111111111111111111111111111111100000000000011111000110000000000000000000000111100000111000001110000011100000111000011111111111111111111
111111111111111111111111111111111111111111111111111111111111111111111111111111111111111111111100000000000011111000000000000000000000000000111100000111000001110000011100000111000011111111111111111111
111111111111111111111111111111111111111111111111111111111111111111111111111111111111111111111100000000000011111000000000000000000000000000111100000111000001110000011100000111000011111111111111111111
111111111111111111111111111111111111111111111111111111111111111111111111111111111111111111111100000000000000000000000000000000000000000000111000000110000001100000011000000110000011111111111111111111
111111111111111111111111111111111111111111111111111111111111111111111111111111111111111111111100000000000000000000000000000000000000000000111000000110000001100000011000000110000011111111111111111111
111111111111111111111111111111111111111111111111111111111111111111111111111111111111111111111000000000000000000000000000000000000000000000000000000000000000000000000000000000000011111111111111111111
111111111111111111111111111111111111111111111111111111111111111111111111111111111111111111111000000000000000000000000000000000000000000000000000000000000000000000000000000000000011111111111111111111
111111111111111111111111111111111111111111111111111111111111111111111111111111111111111111111100000000000000000000000000000000000000000000000000000000000000000000000000000000000011111111111111111111
111111111111111111111111111111111111111111111111111111111111111111111111111111111111111111111100000000000000000000000000000000000000000000000000000000000000000000000000000000000011111111111111111111
111111111111111111111111111111111111111111111111111111111111111111111111111111111111111111111100000000000000000000000000000000000000000000100000000000000000000000000000000000000011111111111111111111
111111111111111111111111111111111111111111111111111111111111111111111111111111111111111111111100000011100000000000000000000000000000000000100000000000000000000000000000000000000011111111111111111111
111111111111111111111111111111111111111111111111111111111111111111111111111111111111111111111100000011100000000000000000000000000000000000100000000000000000000000000000000000000011111111111111111111
111111111111111111111111110000000000000000000000000000000000000000000000000000011111111111111100000011100000000000000000000000011000000000111100000111000001110000011100000111000011111111111111111111
111111111111111111111111110000000000000000000000000000000000000000000000000000011111111111111000000011111100000000000000000000011000011100111100000111000001110000011100000111000011111111111111111111
111111111111111111111111110000000000000000000000000000000000000000000000000000011111111111111000000011111100000000000000000000011111111111111100000111000001110000011100000111000011111111111111111111
111111111111111111111111110000000000000000000000000000000000000000000000000000000000011111100000000011111100000000000000000000011111111111111100000111000001110000011100000111000011111111111111111111
111111111111111111111111110000000000000000000000000000000000000000000000000000000000011111111111000011111111111111111111111111111111111111111100000111000001110000011100000111000011111111111111111111
111111111111111111111111110000000000000000000000000000000000000000000000000000000000011111100000000000000111100000000000000000000000111111111100000111000001110000011100000111000011111111111111111111
111111111111111111111111110000000000000000000000000000000000000000000000000000000000011111100000000000000111100000000000000000000000111111111000000110000001100000011000000110000011111111111111111111
111111111111111111111111110000000000000000000000000000000000000000000000000000000000011111100000000000000111100000000000000000000000110000111000000110000001100000011000000110000011111111111111111111
111111111111111111111111110000000000000000000000000000000000000000000000000000000000011111100000000000000100000000000000000000000000110000100000000000000000000000000000000000000011111111111111111111
111111111111111111111111110000000000000000000000000000000000000000000000000000000000000011100000000000000100000000000000000000000000000000000000000000000000000000000000000000000011111111111111111111
111111111111111111111111110000000000000000000000000000000000000000000000000000000000000011100000000000000100000000000000000000000000000000000000000000000000000000000000000000000011111111111111111111
111111111111111111111111110000000000000000000000000000000000000000000000000000000000001111100000000000000100000000000000000000000000000000000000000000000000000000000000000000000011111111111111111111
111111111111111111111111110000000000000000000000000000000000000000000000111000000000001111100000000000000100000000000000000000000000000000000000000000000000000000000000000000000011111111111111111111
111111111111111111111111110000000000000000000000000000000000000000000000111000000000001111100000000000000100000000000000000000000000000000100000000000000000000000000000000000000011111111111111111111
111111111111111111111111110000000000000000000000000000000000000000000000111000000000001111100000000000000100000000000011000000000000000000100000000000000011000000110000001100000011111111111111111111
111111111111111111111111110000000000000000000000000000000000000000000000111000000000011111100000000000000100000000000011111000000000000000111111111111111111111111111111111111111111111111111111111111
111111111111111111111111110000000000000000000000011110000011110011111111111000111100011111100000000000000100000000000011111000000011111111111111111111111111111111111111111111111111111111111111111111
111111111111111111111111110000000000000000000000011110000011110011111111111000111100011111100000000000000100000000000011111000000011111111111111111111111111111111111111111111111111111111111111111111
111111111111111111111111111111111000000111111111111111111111111111111111111111111111111111111111111111111100000000000011111111111111111111111111111111111111111111111111111111111111111111111111111111
111111111111111111111111111111111000000111111111000000000000000000000000000000000000000000001111111100000000000000000000000000000000000000111111000000000000000000000000000000011111111111111111111111
111111111111111111111111111111111000000111111111000000000000000000000000000000000000000000001111111100000000000000000000000000000000000000111111000000000000000000000000000000011111111111111111111111
111111111111111111111111111111111000000111111111000000000000000000000000000000000000000000000001111000000000000000000000000000000000000000111111000000000000000000000000000000011111111111111111111111
111111111111111111111111111111110000000001111111000000000000000000000000000000000000000000000001111000000000000000000000000000000000000000111111000000000000000000000000000000011111111111111111111111
111111111111111111111111111100000000000000000001000000000000000000000000000000000000000000000001111000000000000000000000000000000000000000000000000000000000000000000000000000011111111111111111111111
111111111111111111111111111100000000000000000001000000000000000011100000000000000000000000000001111000000000000000000000000011000000000000000000000000000000000000000000000000011111111111111111111111
111111111111111111111111111100000000000000000001111000000000000011100000000000000000000000000000000000000000000000000000000011000000000000000000000000000000000000000000000000000011111111111111111111
111111111111111111111111111100000000000000000001111000000000000011100000000000000000000000000000000000000000000000000011000011000000000000000000000000000000000000000000000000000011111111111111111111
111111111111111111111111111100000000000000000001111000000000000011100000000000000000000000000000000000000000000000000011000011000000000000000000000000000000000000001111110000000011111111111111111111
111111111111111111111111111100000000000000000001110000000000000011111110000000000000000000000000000000000000000000000011111111000000000000000000000000000000000000001111110000000011111111111111111111
111111111111111111111111110000000000000000000001110000000000000011111110000000000000000000000000000000000000000000000011111111000000000000000000000000000000000000001111110000000011111111111111111111
111111111111111111111111110000000000000000000001111000000000111111111111000011111111111111111111111000000011111111111111111111111111111111111111111111111111111111111111110000000011111111111111111111
111111111111111111111111110000000000000000000001111000000000111111111110000001111000000000111111111000000011111111111111111100111111111111111111111000000000000000001111110000000011111111111111111111
111111111111111111111111110000000000000000000001111000000000111111111110000001111000000000111111111000000011111111111111111100111111111111111111111000000000000000001111110000000011111111111111111111
111111111111111111111111110000000000000000000001110000000000111111111110000001111000000000111100000000000011000000001111110000000011111111111111111000000000000000011110000000000011111111111111111111
111111111111111111111111110000000000000000000001110000000000111111111110000001111000000000111100000000000011000000001000110000000011111111111111000000000000000000011110000000000011111111111111111111
111111111111111111111111110000000000000000000001110000000000111111111000000000000000000000111100000000000000000000001000000000000000111111111111000000000000000000011110000000000011111111111111111111
111111111111111111111111110000000000000000000001110000000000111111111000000000000000000000100000000000000000000000001000000000000000011110111111111111000000000000011110000000000011111111111111111111
111111111111111111111111110000000000000000000001111000000000111111111000000000000000000000100000000000000000000000001000000000000000011110011111111111000000000000011110000000000011111111111111111111
111111111111111111111111111110000000000000000001111000000000111111111000000000000000000000100000000000000000000000001000000000000001111000011111111111000000000000011110000000000011111111111111111111
111111111111111111111111111110000000000000000001111000000000111111100000000000000000000000100000000000000000000000001000000000000111111000000100000000000000000000001110000000000011111111111111111111
111111111111111111111111111110000000000000000001000000000000111110000000000000000000000000100000000000000000000000001000000000000111111000000100000000000000000000001110000000000011111111111111111111
111111111111111111111111111110000000000000000001000000000000111110000000000000000000000000100000000000000000000000001000000000001111111000000000000000000000000000011110000000000011111111111111111111
111111111111111111111111111110000000000000000001000000000000111110000000000000000000000000100000000000000000000000001000000000001111111000000000000000000000000000011110000011111111111111111111111111
111111111111111111111111111110000000000000000001000000000000111110000000000000000000000000100000000000000000000000001000000000001111111000000000000000000000000000011110000011111111111111111111111111
111111111111111111111111111100000000000000000111000000000000111111111110000000000000000000111111111111111111111111111000000000001111111000000000000000000000000000011110000011111111111111111111111111
111111111111111111111111111100000000000000000111000000000000111111111111100000000000000000111100000000000000001111111000000000001111111000000100000000000000000000011110000011111111111111111111111111
111111111111111111111111111110000000000000000111000000000000111001111111100000000000000000111100000000000000001111111000000000001111111000000100000000000000000000011110000000011111111111111111111111
111111111111111111111111111110000000000000000111000000000000111000111111100000000000000000111100000000000000001111111000000000001100011000000111111111000000000000001110000000011111111111111111111111
111111111111111111111111111110000000000000000111000000000000100000111111100000000000000000100000000000000000000001111000000000000000000000000111111111000000000000001110000000011111111111111111111111
111111111111111111111111111110000000000000000111110000000000100000111110000000011000000000100000000000000000000001111000000000000000000000000111111111000000000000011110000000000011111111111111111111
111111111111111111111111111110000000000000000111110000000000100000110000000000011000000000100000000000000000000001111000000000000000000000000111000000000000000000011110000000000011111111111111111111
111111111111111111111111111110000000000000000111110000000000100000000000000000011110000000100000000000000000000000001000000000000000000000000111000000000000000000011110000000000011111111111111111111
111111111111111111111111111100000000000000000111110000000000100000000000000000011110000000100000000000000000000000001000000000000111111000000111000000000000000000011110000000000011111111111111111111
111111111111111111111111111100000000000000000111111000000000100000000000000001111000000000100000000000000000000000001111100000000111111000000111000000000000000000011111110000000011111111111111111111
111111111111111111111111110000000000000000000111111000000000100000000000000001111000000000100000000000000000000000001111100000000111111000000111111000000000000000011111110000000011111111111111111111
111111111111111111111111110000000000000000000111111000000000100011111100000000000000000000111110000000000000000000001111111000011111000000000111111000000000000000001111110000000011111111111111111111
111111111111111111111111110000000000000000000111111000000000100011111100000000000000000000111110000000000000000000001111111000011111000000000111111000000000000000001111110000000011111111111111111111
111111111111111111111111110000000000000000000111111000000000100011111100000000000000000000111110000000000000000000001110000000011111000000000111111111110000111111111111110000000011111111111111111111
111111111111111111111111110000000000000000000111111000000000100000011100000000000000000000111110000000000000000000001110000000011111000000000111000000000000001000011111110000000011111111111111111111
111111111111111111111111110000000000000000000111110000001111100000011100000000000000000000111000000000000000000011111111111000000111111111111111000000000000001000011111111000000011111111111111111111
111111111111111111111111110000000000000000000111110000001111100000011100000000000000000000111000000000000000000011111000000000000111000000000111000000000000001000011111111000000011111111111111111111
111111111111111111111111110000000000000000000000000000001111111111111100000111111111111111111111111110000111111111111000000000000111000000000111000000000000001000001110000000000011111111111111111111
111111111111111111111111110000000000000000000000000000001111100000011100000000000000000000000000000000000000000000000000000000000111000000000111000000000000001000001110000000000011111111111111111111
111111111111111111111111110000000000000000000000000000000011100000011100000000000000000000000000000000000000000000000000000000000111000000000111000000000000001111111110000000111111111111111111111111
111111111111111111111111110000000000000000000000000000000011100000011100000000000000000000000000000000000000000000000000000000000111000000000111000000000000000000011110000000111111111111111111111111
111111111111111111111111110000000000000000000000000000000011100000011100000000000000000000000000000000000000000000000000000000000111000000000111000000000000000000011110000000000011111111111111111111
111111111111111111111111110000000000000000000000000000000011100000011100000000000000000000000000000000000000000000000000000000000111000000000111000000000000000000011111111000000011111111111111111111
111111111111111111111111111111110011100001111111000000000000100000011100000000000000000000000000000000000000000000000000000000000111000000000111000000000000000000001111111000000011111111111111111111
111111111111111111111111111111111111111111111111000000000000100000011100000000000000000000000000000000000000000000000000000000000111000000000111000000000000001000001110000000000011111111111111111111
111111111111111111111111111111111111111111111111000000000000100000011100000000000000000000000000000000000000000000000000000000000111000000000111000000000000001111111110000000000011111111111111111111
111111111111111111111111111111111111111111111111000000000000100000011100000000000000000000000000000000000000000000000000000000000111000000000111000000000000001000011110000000000011111111111111111111
111111111110000000000000111111111111111111111111000000000000100000011100000000000000000000000000000000000000000000000000000000000111000000000111000000000000001000011110000000000011111111111111111111
111111111110000000000000111111111111111111111111000000000000100000011100000000000000000000000000000000000000000000000000000000000111000000000111100000000000001000011110000000000011111111111111111111
111100000010000000000000111111100111111001111111000000000000100000011100000000000000000000000000000000000000000000000000000000000111000000000111100000000000001000001110000000000011111111111111111111
100000000010000000000000000000000000000000000001000000000000100000011100000000000000000000000000000000000000000000000000000000000111000000000111100000000000001000001110000000000011111111111111111111
100000000010000000000000000000000000000000000001110000000111100000011100000000000000000000000000000000000000000000000000000000000111000000000111000000000000001111111110000000000011111111111111111111
100000000010000000000000000000000000000000000001110000000111100000011100000000000000000000000000000000000000000000000000000000000111000000000111000000000000001000011110000000000011111111111111111111
100000000010000000000000000000000000000000000001110000000111100000011100000000000000000000000000000000000000000000000000000000000111000000000111100000000000001000011110000000000011111111111111111111
100000000000000000000000000000000000000000000001110000000111100000011111000000000000000000000000000000000000000000000000000000011111000000000111100000000000001000011110000000000011111111111111111111
100000000000000000000000111000000000000000000000000000000111100000011111000000000000000000000000000000000000000000000000000000011111000000000111100000000000001000001110000000000011111111111111111111
100000000000000000000000111000000000000000000000000000000111100000011111000000000000000000000000000000000000000000000000000111111111000000000111000000000000001000001110000000000011111111111111111111
100000000000000000000000111000000000000000000000000000000000100000011111000000000000000000000000000000000000000000000000000111111111000000000111000000000000001111111110000000000011111111111111111111
100000000010000000000000111000000000000000000000000000000000100000011111111111111111111111111111111111111111111111111111111111111111111111111111100000000000000000011110000000000011111111111111111111
100000000011111111111111111000000000000000000000000000000000100000011111111111111111111111111111111111111111111111111111111111111111111111111111100000000000000000011111111000001111111111111111111111
100000000000000001111111111000000000000000000000000000000000100000011111111111111111111111111111111111111111111111111111111111111111111111111111100000000000000000011111111000001111111111111111111111
100000000000000001111111111000000000000000000000000000000000100000000000000000000000000000000000000011111100000000000000000000000000000000111111000000000000000000001111111000001111111111111111111111
100000000000000000001111111000000000000000000000000000000000100000000000000000000000000000000000000011111100000000000000000000000000000000111111000000000000001000001111111000001111111111111111111111
100000000000000000001111111000000000000000000001111100000000100000000000000000000000000000000000000011111100000000000000000000000000000000111111111111111111111111111110000000001111111111111111111111
100000000000000000001111111000000000000000000001111100000000100000000000000000000000000000000000000011100000000000000000000000000000000000000111100000000000000000000000000000001111111111111111111111
100000000000000000001111111100000000000000000001111111000000100000000000000000000000000000000000000011100000000000000000000000000000000000000111100000000000000000000000000000001111111111111111111111
111111111000000000001111111100000000000000000001111111000000100000000000000000000000000000000000000011100000000000000000000000000000000000000111100000000000000000000000000000001111111111111111111111
111111111000000000001111111100000000000000000001110000000000111000000000000111111110000000000000000011100000000000000000000000000000000000000100000000000000000000000000000000011111111111111111111111
111111111000000000001111111111100111111001111111110000000000111000000000000111111110000000000000000011100000000000000000000000000000000000000100000000000000000000000000000000011111111111111111111111
111111111000000000001111111111111111111111111111110000000000111000000000000001111110000000000000001111100000000000000000000000000000000000000100000000000000000000000000000000011111111111111111111111
111111111000011111111111111111111111111111111111110000000000111000000000000001111110000000000000001111100000000000000000000000011111111111111100000000000001110000000000000000000011111111111111111111
111100000000000000000000011111111111111111111111000000000000000000000000000000000000000000000000001111100000000000000000001000000000000000000100000000000001110000000000000000000011111111111111111111
111100000000000000000000011111111111111111111111000000000000000000000000000000000000000000000000001111100000000000000000001000000000000000000100000000000001110000000000000000000011111111111111111111
111100000000000000000000011111111111111111111111000000000000000000000000000000000000000000000000011111100000000000000000001000000000000000000100000000000011110000000000000000000011111111111111111111
111100000000000000000000011111111111111111111111000000000000000000000000000011111110000000000001111111100000000000000000001000000000000000000100000000000011110000000000000000000011111111111111111111
111100000000000000000000011111111111111111111111000000000000000000000000000011111110000000000001111111111000000000000000001000011110000000011100000000001111111111111111111111111111111111111111111111
111100000000000000000000011111111111111111111111000000000000000000000000000011111111111111111111111111111000000000000000001000011110000000011100000000001111111000000000000000000011111111111111111111
111100000000011100000000011111111100000000000001000000000000000000000000000000011111111111111111111111111111100000000000001000011110000000000100000000111111111000000000000000000011111111111111111111
111100000000011100000000011111111100000000000001000000000000000000000000000000011111111111111111111111111111100000000000001000011110000000000100000000111111100000000000000000000011111111111111111111
111100000000011100000000011111111100000000000000000000000000100000000000000000011111000000000000001111111111111100000000001000000000000001111100000000001111100000000000000000011111111111111111111111
111111111111111111100000011111100000000000000000000000000000111100000000000000011111000000000000001111111111111100000000001000000000000001111100000000001111110000000000000000011111111111111111111111
111111111111111111100000011110000000000000000000000000000000111100000000000000011100000000000000001111111111111100000000001000000000001111111100000000000011110000000111000000011111111111111111111111
111111111111111111100000011110000000000000000000000000000000111100000000000000000000000000000000001111110000011100000000001000000000001111111100000000000011110000000111000000011111111111111111111111
111100000000111100000000011110000000000000000000000000000000111111111000000000000000000000000000000011110000011100000000001000000000001111111111111100000011110000000111000000011111111111111111111111
111100000000111100000000011110000000000000000000000000000000111111111000000000000000000000000000000000000000011100000000001000000000001111111111111100000011110000000111000000011111111111111111111111
111100000000000000000000011110000000000000000000000000000000111111111111111100000000000000000000000000000000000000000000001000011110001111111111110000000011110000000111111111111111111111111111111111
111100000000000000000000011110000000000000000000000000000000111111111111111100000000000000000000000000000000000000000000001000011110001111111111110000000010000000000111111111111111111111111111111111
111100000000000000000000011110000000000000011111000000000000111111111111111111111111111111111111111111111111111111111111111111111111111111111100000000000000000000000111111111000010000000000001111111
111100000000000000000000011110000000000000011111000000000000001111111111000000000000000000000000000000000000000011111111111000000000000000000000000000000000000000000111111111000010000000000001111111
111100000000000000000000011110000000000000001111000000000000001111111111000000000000000000000000000000000000000011111111111000000000000000000000000000000000000000000111111111000010000000000001111111
111100000000000000000000011110000000000000001111000000000000000000000011000000000000000000000000000000000000000000001111111000000000000000000000000000000000000000000000000000000010000000000001111111
111100000000000000000000011110000000000000001111000000000000000000000011000000000000000000000000000000000000000000001111110000000000000000000000000000000010000110000000000000000010000000000001111111
111111100000000000000000011111110000000000001111000000000000000000000000000000000000000000000000000000000000000000000000110000000000000000000000000000000010000110000000000000000010000000000001111111
111111100000000000000111111111111100000000001111000000000000000000000000000000000000000000000000000000000000000000000000000000000000000011000000000000000010000110000111111100001110000000000001111111
111111100000000000000111111111111100000000001111000000000000000000000000000000000000000000000000000000000000000000000000000000000000000011000000000000000010000110000111111100001110000000000001111111
111111111111111111111111111111111111111111111111000000000000000000000000000011000000000000000000000000000000000000000000000000000000001111000000000000000010011110000111111111111110000000000001111111
111111111111111111111111111111111111111111111111111111000000000000000000000011000000000000000000000000000000000000000000000000000000001111000000000000000010011110000111111111111110000000000001111111
111111111111111111111111111111111111111111111111111111111100000000000000001111000000000000000000000000000000000000000000000000000000111111110000000000000011111110000111111111111110000000000001111111
111111111111111111111111111111111111111111111111111111111100000000000000001111000000000000000000000000000000000000000000000000000000111111110000000000000011111110000111111111111110000000000001111111
111111111111111111111111111111111111111111111111111111111111111111111111111111111100000000111111111111111111111111111111111111111111111111111111111111111111111110000111111111111111100001111111111111
111111111111111111111111111111111111111111111111111000011111111111111100011111111100000111111000000000000000000000000000000000000000000000000000000000001111111000000111100011111111100000000000001111
111111111111111111111111111111111111111111111111111000011111111111111100011111111100000111111000000000000000000000000000000000000000000000000000000000001111111000000111100011111111100000000000001111
111111111111111111111111111111111111111111111111111000011111111111110000000111111100000111100000000000000000000000000000000000000000000000000000000000000011111000000000000000001111100000000000001111
111111111111111111111111111111111111111111111111111000000000010000000000000000111100000011100000000000000000000000000000000000000000000000000000000000000011111000000000000000001111100000001110001111
111111111111111111111111111111111111111111111111111000000000010000000000000000111100000011100001111111111111111111111111111110000111111111000011111100000011111000000000000000111110000000001110001111
111111111111111111111111111111111111111111111111111000000000010000000000000000111100000111100001111111111111111111111111111110000111111111000011111100000011111000000000000000111110000000001110001111
111111111111111111111111111111111111111111111111111000000000000000000000000000011100000111100001111111111111111111111111111110000111111111000011111100000011111000000000000000111110000000001110001111
111111111111111111111111111111111111111111111111111000000000000000000000000000011100000111100001111111111111111111111111111110000111111111000011111100000011111000000000000000111110000000001110001111
111111111111111111111111111111111111111111111111111000000000000000000000000000000100000011100001111111111111111111111111111110000111111111000011111100000011111000000000001111111110000000001110001111
111111111111111111111111111111111111111111111111111000000000000000000000000000000100000011100001111111111111111111111111111110000111111111000011111100000011111000000000001111111110000000000000000001
111111111111111111111111111111111111111111111111111000000000010000000000000000000000000111100000000000000000000000000000000000000000000000000000000000000011111110000000001100000000000000000000000001
111111111111111111111111111111111111111111111111111000000000010000000000000000000000000111100000000000000000000000000000000000000000000000000000000000000011111110000000001100000000000000000000000001
111111111111111111111111111111111111111111111111000000000000010000000000000000000000000111100000000000000000000000000000000000000000000000000000000000000011111000000000000000000000000000000000000001
111111111111111111111111111111111111111111111111000000000000010000000000000000000000000011100000000000000000000000000000000000000000000000000000000000000011111000000000000000000000000000000000000001
111111111111111111111111111111111111111111111111000000000000010000000000000000000000000000000000000000000000000000000000000000000000000000000000000000000011111000000000000000000010000000000000001111
111111111111111111111111111111111111111111111111000000000000010000000000000000000000000000000000000000000000000000000000000000000000000000000000000000000011111000000000000000000010000000000000001111
111111111111111111111111111111111111111111111111111000000000010000000000000000000000000000000000000000000000000000000000000000000000000000000000000000000011111000000000000000111110000000000000001111
111111111111111111111111111111111111111111111111111000000000010000000000000000000000000000000000000000000000000000000000000000000000000000000000000000000011111000000000000000111110000000000000001111
111111111111111111111111111111111111111111111111111000000000010000000000000000000000000000000000000000000000000000000000000000000000000000000000000000000011111000000000000000111110000000000000001111
111111111111111111111111111111111111111111111111111111111000011111111110000111111000000000000001111110011111100111111001111110011111100111111001111110000011111000000000000111111111110000000000001111
111111111111111111111111111111111111111111111111111111111000011111111110000111111000000000000001111111111111111111111111111111111111111111111111111110001111111110000000000111111111110000000000011111
111111111111111111111111111111111111111111111111111111111000011111111110000111111000000000000001111111111111111111111111111111111111111111111111111110001111111110000000000111111111110000000000011111
111111111111111111111111111111111111111111111111111111111111111111111111111111111111111111111111111111111111111111111111111111111111111111111111111111111111111111111111111111111111111000011111111111
111111111111111111111111111111111111111111111111111111111111111111111111111111111111111111111111111111111111111111111111111111111111111111111111111111111111111111111111110001101111001000011111111111
111111111111111111111111111111111111111111111111111111111111111111111111111111111111111111111111111111111111111111111111111111111111111111111111111111111111111111111111110001101111001000011111111111
111111111111111111111111111111111111111111111111111111111111111111111111111111111111111111111111111111111111111111111111111111111111111111111111111111111111111111111111000000001111001000011111111111
111111111111111111111111111111111111111111111111111111111111111111111111111111111111111111111111111111111111111111111111111111111111111111111111111111111111111111111111000000000001001000011111111111
111111111111111111111111111111111111111111111111111111111111111111111111111111111111111111111111111111111111111111111111111111111111111111111111111111111111111111111100000000000001111000011111111111
111111111111111111111111111111111111111111111111111111111111111111111111111111111111111111111111111111111111111111111111111111111111111111111111111111111111111111111100000000000000000000011111111111
111111111111111111111111111111111111111111111111111111111111111111111111111111111111111111111111111111111111111111111111111111111111111111111111111111111111111111111100000000000000000000011111111111
111111111111111111111111111111111111111111111111111111111111111111111111111111111111111111111111111111111111111111111111111111111111111111111111111111111111111111111100000000000000000000011111111111
111111111111111111111111111111111111111111111111111111111111111111111111111111111111111111111111111111111111111111111111111111111111111111111111111111111111111111111100000000000000000000011111111111
111111111111111111111111111111111111111111111111111111111111111111111111111111111111111111111111111111111111111111111111111111111111111111111111111111111111111111111111111111111111111111111111111111